,TIMESTAMP,Global_Energy_Tot,Direct_Energy_Tot,Diffuse_Energy_Tot,Stepwise_Bottom_Heating_Energy_Production,InvertPyramid_Bottom_Heating_Energy_Production,Sidewall_Interfacial_Energy_Production,Bottom_Heating_Energy_Production,Foam_Bottom_Interfacial_Energy_Production
0,2020-12-18,0.10400000000000001,0.0,0.10400000000000001,,,0.0,0.02666666666666667,0.14814814814814814
1,2020-12-19,2.952,1.936,1.746,,,0.8266666666666667,0.64,1.0074074074074075
2,2020-12-20,3.1,2.491,1.517,,,0.9866666666666667,0.88,1.0666666666666667
3,2020-12-21,3.447,3.68,1.175,,,1.1733333333333333,0.9866666666666667,1.2444444444444442
4,2020-12-22,3.4939999999999998,3.819,1.099,,,1.2533333333333332,1.0666666666666667,1.3925925925925924
5,2020-12-23,1.295,0.01,1.296,0.1851851851851852,0.07407407407407408,0.13333333333333333,0.16,0.35555555555555557
6,2020-12-24,3.0460000000000003,2.3369999999999997,1.527,1.0000000000000002,0.38888888888888884,1.0133333333333334,0.88,1.0962962962962963
7,2020-12-25,2.9330000000000003,1.891,1.751,1.0740740740740742,0.7962962962962964,0.9333333333333332,0.7999999999999999,1.0666666666666667
8,2020-12-26,1.538,0.053,1.506,,,,,
9,2020-12-27,1.9369999999999998,0.321,1.761,,,,,
10,2020-12-28,2.885,1.6540000000000001,1.79,1.1111111111111112,0.8333333333333334,0.9333333333333332,0.7733333333333333,0.9777777777777777
11,2020-12-29,0.78,0.098,0.738,0.12962962962962965,0.03703703703703704,0.13333333333333333,0.16,0.2074074074074074
12,2020-12-30,3.562,3.082,1.639,1.240740740740741,0.5925925925925927,0.9866666666666667,0.64,1.125925925925926
13,2020-12-31,3.9189999999999996,4.88,0.8440000000000001,1.3333333333333335,,1.1733333333333333,1.0133333333333334,1.2740740740740741
14,2021-01-01,3.865,4.736000000000001,0.84,,,,,
15,2021-01-02,3.718,4.1930000000000005,1.0070000000000001,,,,,
16,2021-01-03,2.2969999999999997,1.264,1.4780000000000002,,,,,
17,2021-01-04,1.709,0.221,1.579,0.462962962962963,,0.3466666666666667,0.32,
18,2021-01-05,0.217,0.0,0.217,0.03703703703703704,,0.0,0.02666666666666667,
19,2021-01-06,0.8390000000000001,0.003,0.8420000000000001,0.11111111111111112,,0.08,0.08,
20,2021-01-07,1.7280000000000002,0.293,1.574,0.3518518518518519,,0.16,0.16,
21,2021-01-08,3.846,4.5280000000000005,0.917,1.1481481481481481,,1.1199999999999999,0.8533333333333334,
22,2021-01-09,3.388,2.8739999999999997,1.556,,,,,
23,2021-01-10,3.1510000000000002,2.324,1.68,,,,,
24,2021-01-11,3.358,2.803,1.5230000000000001,1.2222222222222223,,1.04,0.8266666666666667,
25,2021-01-12,3.8739999999999997,4.081,1.153,1.6111111111111112,0.48148148148148157,1.28,1.04,1.3925925925925924
26,2021-01-13,3.943,4.749,0.823,2.0000000000000004,1.5185185185185186,1.7333333333333334,1.3866666666666667,1.7777777777777777
27,2021-01-14,3.937,4.577,0.898,2.037037037037037,1.2222222222222223,1.6266666666666667,1.3866666666666667,1.7777777777777777
28,2021-01-15,3.647,3.678,1.175,1.9074074074074074,0.888888888888889,1.4933333333333334,1.3866666666666667,1.6592592592592592
29,2021-01-16,2.531,0.44299999999999995,2.2119999999999997,0.6111111111111112,0.22222222222222224,0.48,0.45333333333333337,0.6222222222222221
30,2021-01-17,3.5039999999999996,2.5780000000000003,1.669,1.5740740740740742,0.5925925925925927,1.2266666666666668,1.1199999999999999,1.3629629629629632
31,2021-01-18,3.998,4.457,0.966,1.9074074074074074,,1.5199999999999998,1.3066666666666666,1.6
32,2021-01-19,3.8139999999999996,3.863,1.16,1.7407407407407405,,1.36,1.2533333333333332,1.511111111111111
33,2021-01-20,3.638,3.4219999999999997,1.24,1.8333333333333335,0.9074074074074076,1.3066666666666666,1.04,1.4518518518518517
34,2021-01-21,3.0669999999999997,1.8780000000000001,1.719,1.4444444444444446,0.888888888888889,1.0133333333333334,0.96,1.3037037037037036
35,2021-01-22,0.225,0.001,0.225,,,,,
36,2021-01-23,0.455,0.003,0.455,,,,,
37,2021-01-24,1.0590000000000002,0.004,1.063,,,,,
38,2021-01-25,1.077,0.006999999999999999,1.079,0.22222222222222224,0.12962962962962965,0.13333333333333333,0.13333333333333333,0.26666666666666666
39,2021-01-26,0.993,0.004,0.9940000000000001,0.1851851851851852,0.12962962962962965,0.10666666666666667,0.13333333333333333,0.23703703703703705
40,2021-01-27,0.29,0.001,0.29,0.03703703703703704,0.0,0.02666666666666667,0.02666666666666667,0.11851851851851852
41,2021-01-28,3.553,1.89,2.044,1.5555555555555554,0.8703703703703702,0.8266666666666667,1.1199999999999999,1.3037037037037036
42,2021-01-29,4.322,3.59,1.4140000000000001,2.1296296296296298,1.1666666666666667,1.3333333333333333,1.6533333333333333,1.7185185185185183
43,2021-01-30,3.7939999999999996,2.224,1.932,1.7592592592592593,1.0370370370370372,1.2266666666666668,1.1466666666666667,1.4814814814814814
44,2021-01-31,2.244,0.47100000000000003,1.794,0.8333333333333334,0.5925925925925927,0.5333333333333333,0.5333333333333333,0.7111111111111111
45,2021-02-01,1.376,0.043,1.339,0.3703703703703704,0.1851851851851852,0.26666666666666666,0.29333333333333333,0.3259259259259259
46,2021-02-02,1.514,0.09,1.4680000000000002,0.3703703703703704,0.1851851851851852,0.24,0.26666666666666666,0.35555555555555557
47,2021-02-03,3.7560000000000002,1.906,2.029,1.6296296296296298,0.925925925925926,1.2266666666666668,1.0666666666666667,1.4518518518518517
48,2021-02-04,2.81,0.629,2.278,1.0000000000000002,0.6296296296296298,0.6666666666666666,0.64,0.8592592592592592
49,2021-02-05,0.6779999999999999,0.002,0.6779999999999999,0.925925925925926,0.5555555555555556,0.6666666666666666,0.5599999999999999,0.7407407407407407
50,2021-02-06,3.638,2.634,1.286,0.9814814814814815,0.5555555555555556,0.7200000000000001,0.5599999999999999,0.8888888888888888
51,2021-02-07,3.573,1.79,2.048,1.7222222222222225,1.0185185185185186,1.1466666666666667,1.2,1.4222222222222223
52,2021-02-08,0.778,0.002,0.777,,,,,
53,2021-02-09,3.654,1.465,2.205,,,,,
54,2021-02-10,1.043,0.004,1.043,,,,,
55,2021-02-11,0.461,0.001,0.46,,,,,
56,2021-02-12,0.924,0.003,0.9209999999999999,,,,,
57,2021-02-13,2.8089999999999997,0.364,2.535,,,,,
58,2021-02-14,2.7569999999999997,0.929,1.9580000000000002,,,,,
59,2021-02-15,3.193,0.7959999999999999,2.4819999999999998,,,,,
60,2021-02-16,2.3209999999999997,0.441,1.8940000000000001,,,,,
61,2021-02-17,3.375,1.046,2.5660000000000003,,,,,
62,2021-02-18,5.127999999999999,4.257,1.266,2.777777777777778,1.4074074074074077,1.8666666666666665,1.7066666666666668,2.5777777777777775
63,2021-02-19,5.3,4.732,0.985,2.898148148148148,1.4629629629629632,1.92,1.8933333333333333,2.340740740740741
64,2021-02-20,5.421,5.032,0.871,3.0740740740740744,1.7407407407407405,2.16,2.08,2.340740740740741
65,2021-02-21,5.287999999999999,4.721,0.9990000000000001,2.8888888888888893,1.962962962962963,2.0533333333333332,2.0533333333333332,2.340740740740741
66,2021-02-22,4.165,2.044,2.013,2.185185185185185,0.9629629629629631,1.4666666666666668,1.5466666666666666,1.748148148148148
67,2021-02-23,4.247,2.0,2.2030000000000003,1.9259259259259263,1.0740740740740742,1.28,1.2266666666666668,1.5407407407407407
68,2021-02-24,3.553,1.442,2.136,1.4444444444444446,0.8148148148148149,1.0133333333333334,0.9066666666666667,1.2740740740740741
69,2021-02-25,1.649,0.158,1.535,0.40740740740740744,0.29629629629629634,0.37333333333333335,0.26666666666666666,0.5925925925925926
70,2021-02-26,0.445,0.0,0.445,0.07407407407407408,0.0,0.10666666666666667,0.05333333333333334,0.14814814814814814
71,2021-02-27,0.636,0.003,0.636,0.2592592592592593,0.11111111111111112,0.13333333333333333,0.0,0.23703703703703705
72,2021-02-28,1.5330000000000001,0.006999999999999999,1.5419999999999998,0.2592592592592593,0.1851851851851852,0.21333333333333335,0.32,0.4740740740740741
73,2021-03-01,0.387,0.0,0.387,0.07407407407407408,0.07407407407407408,0.08,0.08,0.2074074074074074
74,2021-03-02,5.3420000000000005,4.3,2.023,2.388888888888889,1.5370370370370372,1.76,1.6266666666666667,2.3111111111111113
75,2021-03-03,1.578,0.094,1.546,0.33333333333333337,0.2592592592592593,0.21333333333333335,0.26666666666666666,0.4148148148148148
76,2021-03-04,4.1339999999999995,2.362,2.702,1.6666666666666667,1.1111111111111112,1.2,1.04,1.511111111111111
77,2021-03-05,1.192,0.008,1.1909999999999998,0.11111111111111112,0.11111111111111112,0.10666666666666667,0.10666666666666667,0.2962962962962963
78,2021-03-06,0.643,0.002,0.644,0.12962962962962965,0.0925925925925926,0.08,0.08,0.2962962962962963
79,2021-03-07,0.588,0.002,0.588,0.16666666666666669,0.12962962962962965,0.10666666666666667,0.05333333333333334,0.23703703703703705
80,2021-03-08,0.74,0.004,0.74,,,,,
81,2021-03-09,1.364,0.006,1.367,,,,,
82,2021-03-10,2.303,0.209,2.114,,,,,
83,2021-03-11,1.093,0.004,1.095,,,,,
84,2021-03-12,3.714,1.148,2.9810000000000003,,,,,
85,2021-03-13,3.073,0.371,2.844,,,,,
86,2021-03-14,4.614,1.75,3.258,,,,,
87,2021-03-15,4.643,2.459,2.761,,,,,
88,2021-03-16,0.409,0.001,0.408,,,,,
89,2021-03-17,0.462,0.002,0.46399999999999997,,,,,
90,2021-03-18,1.123,0.005,1.126,,,,,
91,2021-03-19,0.5479999999999999,0.002,0.5489999999999999,,,,,
92,2021-03-20,0.956,0.004,0.958,,,,,
93,2021-03-21,2.287,0.09,2.235,,,,,
